Last login: Wed Apr 19 15:12:39 on ttys001
/Users/danielgehrman/Documents/Programming/Uni/Sem-1-NSU/Game\ 52/Games\ 52 ; exit;
danielgehrman@Daniels-MacBook-Air ~ % /Users/danielgehrman/Documents/Programming/Uni/Sem-1-NSU/Game\ 52/Games\ 52 ; exit;
aaa2

aaa3

aaa4

aaa5

aaa6

aaa7

aaa8

aaa9

163
1423
6211
3313

163
5113
2521
3313

181
1801
8011
1117

523
1153
6121
3313

523
5023
2251
3313

523
5113
2143
3331

523
5113
2161
3313

631
6301
3061
1117

811
8011
1117
1171

811
8011
1171
1117

1063
433
6301
3313

1063
523
6211
3313

1063
613
6121
3313

1621
6121
2251
1117

1621
6211
2161
1117

1621
6301
2017
1171

1801
8011
127
1171

1801
8011
181
1117

1801
8101
37
1171

2053
613
5113
3331

2053
5113
613
3331

2143
1423
4231
3313

2143
5023
631
3313

2161
1531
6301
1117

2161
1621
6211
1117

2503
163
5113
3331

2503
1063
4231
3313

2503
5023
271
3313

2503
5113
163
3331

2503
5113
181
3313

3061
631
6301
1117

3061
811
6121
1117

3313
3313
1153
3331

3313
3313
1171
3313

3313
3313
3313
1171

3331
3331
1117
3331

3331
3331
3331
1117

4231
2251
3511
1117

5023
433
2341
3313

5023
523
2251
3313

5023
613
2143
3331

5023
613
2161
3313

5023
1153
1621
3313

5113
163
2521
3313

5113
1063
1621
3313

5113
1153
1531
3313

6121
1531
2341
1117

6121
1621
2251
1117

6121
1801
2017
1171

6211
2161
1621
1117

6211
2251
1531
1117

6211
3511
271
1117

6301
2521
1171
1117

6301
3061
631
1117

6301
3331
307
1171

6301
3511
127
1171

6301
3511
181
1117

8011
181
1801
1117

8011
811
1117
1171

8011
811
1171
1117

8101
1531
307
1171

8101
1621
271
1117

8101
1801
37
1171

9001
181
811
1117

9001
631
307
1171

9001
811
127
1171

9001
811
181
1117

aaa10

aaa11

aaa12

aaa13

59
383
5801
9311

59
653
5531
9311

59
743
5441
9311

59
1733
4451
9311

59
2273
3911
9311

59
2273
9311
3911

59
2543
9041
3911

59
2633
5531
7331

59
3083
8501
3911

59
4253
1931
9311

59
4703
1481
9311

59
6053
5531
3911

59
6143
5441
3911

149
743
5351
9311

149
1373
4721
9311

149
1373
6701
7331

149
1553
6521
7331

149
1823
4271
9311

149
2273
3821
9311

149
2273
5801
7331

149
2273
9221
3911

149
2903
3191
9311

149
2903
5171
7331

149
2903
9311
3191

149
3803
4271
7331

149
4253
9221
1931

149
4523
1571
9311

149
6323
5171
3911

149
6323
5711
3371

149
7043
4451
3911

149
9203
4271
1931

167
1373
4703
9311

167
1553
4523
9311

167
1733
6323
7331

167
1913
6143
7331

167
2273
3803
9311

167
2273
9203
3911

167
2903
5153
7331

167
3533
4523
7331

167
3803
4253
7331

167
4253
1823
9311

167
9203
4253
1931

239
293
5711
9311

239
1283
4721
9311

239
1283
6701
7331

239
1913
4091
9311

239
2543
3461
9311

239
2633
3371
9311

239
2903
5081
7331

239
6143
5261
3911

239
6323
5801
3191

257
653
5333
9311

257
1283
4703
9311

257
1913
4073
9311

257
1913
6053
7331

257
2633
5333
7331

257
2903
3083
9311

257
4253
1733
9311

257
5333
6053
3911

257
6053
5333
3911

293
239
5711
9311

293
509
5441
9311

293
1229
4721
9311

293
1229
6701
7331

293
1931
4019
9311

293
2039
9311
3911

293
2129
9221
3911

293
2309
9041
3911

293
4523
1427
9311

293
5531
419
9311

293
6521
1409
7331

293
6701
5441
3119

293
7331
4019
3911

293
9221
4721
1319

347
1553
6323
7331

347
1823
4073
9311

347
1823
6053
7331

347
3623
4253
7331

347
3803
4073
7331

347
4073
1823
9311

347
4523
1373
9311

347
6053
1823
7331

347
6143
5153
3911

347
9203
4073
1931

383
59
5801
9311

383
3821
8231
3119

383
3911
8123
3137

383
5351
6701
3119

419
293
5531
9311

419
743
5081
9311

419
1283
6521
7331

419
1553
4271
9311

419
2273
5531
7331

419
2543
9221
3371

419
3083
4721
7331

419
3533
4271
7331

419
4253
1571
9311

419
6053
5171
3911

419
7043
4721
3371

491
1229
4523
9311

491
4127
9203
1733

491
4523
9221
1319

491
4703
9041
1319

491
5009
743
9311

491
5009
6143
3911

509
2543
9311
3191

509
4073
9041
1931

509
5153
6701
3191

509
6053
5801
3191

509
6143
5711
3191

509
6323
5351
3371

509
6323
5531
3191

509
7043
4091
3911

563
2309
5351
7331

563
3371
8501
3119

563
4019
9041
1931

563
5171
509
9311

563
5171
6701
3119

563
5351
6521
3119

563
5531
6323
3137

563
5711
6143
3137

563
5801
6053
3137

563
6701
5153
3137

563
7151
4721
3119

563
7151
6521
1319

563
7331
4523
3137

617
2543
9203
3191

617
3083
4523
7331

617
6053
1553
7331

617
6323
1283
7331

617
7043
4523
3371

653
59
5531
9311

653
149
5441
9311

653
1319
4271
9311

653
1373
4217
9311

653
2039
5531
7331

653
2129
3461
9311

653
2381
3209
9311

653
2741
9041
3119

653
3119
4451
7331

653
4019
1571
9311

653
5081
509
9311

653
5171
419
9311

653
5333
257
9311

653
5351
239
9311

653
5711
6053
3137

653
6521
5261
3119

653
6701
5009
3191

653
6701
5081
3119

653
9311
4271
1319

743
1049
4451
9311

743
2309
9311
3191

743
4073
1427
9311

743
5009
491
9311

743
5171
6521
3119

743
5351
6323
3137

743
6053
1427
7331

743
7151
4523
3137

743
9041
4451
1319

761
5153
6521
3119

941
1229
4073
9311

941
1229
6053
7331

941
2273
9221
3119

941
3209
4073
7331

941
6323
5171
3119

941
7043
4451
3119

941
9203
4091
1319

941
9203
4217
1193

941
9221
4019
1373

1049
743
4451
9311

1049
3623
1571
9311

1049
4073
8501
1931

1049
4703
491
9311

1049
9203
3371
1931

1193
1229
9221
3911

1193
1409
9041
3911

1193
1931
9311
3119

1193
2309
2741
9311

1193
3821
1229
9311

1193
4703
347
9311

1193
4721
2309
7331

1193
5009
5441
3911

1193
5531
5711
3119

1193
6521
509
7331

1193
7331
3119
3911

1193
8501
2741
3119

1193
9221
1229
3911

1193
9221
3209
1931

1193
9221
3821
1319

1229
1373
9041
3911

1229
2273
2741
9311

1229
2633
2381
9311

1229
3533
1481
9311

1229
3623
7331
3371

1229
4253
2741
7331

1229
5333
5081
3911

1229
5333
5801
3191

1283
2129
8231
3911

1283
5351
5009
3911

1283
5351
5801
3119

1283
7151
3209
3911

1283
8123
2237
3911

1283
9311
1823
3137

1319
653
4271
9311

1319
1823
9221
3191

1319
2543
2381
9311

1319
4523
2381
7331

1319
5153
5171
3911

1319
5153
7151
1931

1319
5333
5711
3191

1319
7043
3821
3371

1373
2633
2237
9311

1373
3119
7151
3911

1373
3911
7151
3119

1373
5531
7331
1319

1373
8231
2039
3911

1409
743
4091
9311

1409
1733
9041
3371

1409
4073
761
9311

1409
4073
2741
7331

1409
6053
761
7331

1409
7043
3191
3911

1409
7043
3911
3191

1427
1733
9203
3191

1427
2273
2543
9311

1427
3533
1283
9311

1427
4073
743
9311

1427
4253
2543
7331

1427
4523
2273
7331

1427
6053
743
7331

1427
9203
1733
3191

1481
59
4703
9311

1481
4019
8123
1931

1481
4217
8123
1733

1481
4253
8501
1319

1481
4523
8231
1319

1553
1049
9041
3911

1553
1571
9311
3119

1553
2309
2381
9311

1553
2309
8501
3191

1553
2381
2309
9311

1553
2381
8501
3119

1553
3119
1571
9311

1553
3371
1319
9311

1553
5009
5081
3911

1553
5009
5801
3191

1553
5081
5009
3911

1553
5081
5801
3119

1553
5171
5711
3119

1553
5351
5531
3119

1553
5351
7331
1319

1553
5441
5441
3119

1553
5531
5333
3137

1553
5531
5351
3119

1553
5711
5153
3137

1553
5711
5171
3119

1553
5801
5009
3191

1553
5801
5081
3119

1553
7331
3533
3137

1553
8231
2633
3137

1553
8501
2309
3191

1553
8501
2381
3119

1553
9041
1049
3911

1553
9203
1607
3191

1553
9311
1553
3137

1553
9311
1571
3119

1553
9311
3371
1319

1571
3119
1553
9311

1571
3533
7331
3119

1571
5009
7043
1931

1571
5333
5531
3119

1571
5333
7331
1319

1607
1553
9203
3191

1607
4073
563
9311

1607
4073
2543
7331

1607
6053
563
7331

1607
6323
293
7331

1733
1319
9311
3191

1733
2129
8501
3191

1733
3083
1427
9311

1733
4019
491
9311

1733
4091
419
9311

1733
5351
5333
3137

1733
7043
3407
3371

1733
7151
3533
3137

1733
7331
3371
3119

1733
9041
1409
3371

1733
9041
3461
1319

1733
9311
1319
3191

1823
1571
9041
3119

1823
2129
8231
3371

1823
3209
7331
3191

1823
5261
5333
3137

1823
5531
5009
3191

1823
5531
5081
3119

1823
8123
2237
3371

1823
8231
2309
3191

1823
8231
2381
3119

1823
8501
2039
3191

1823
9221
1373
3137

1913
1229
9221
3191

1913
2381
8123
3137

1913
4271
2039
7331

1913
5009
5441
3191

1913
5261
5009
3371

1913
5351
5153
3137

1913
5351
5171
3119

1913
7043
3407
3191

1913
7331
3119
3191

1913
8231
2273
3137

1913
9041
1409
3191

1913
9041
1481
3119

1913
9221
1229
3191

1913
9221
1283
3137

1913
9311
1193
3137

1931
239
4073
9311

1931
1229
9203
3191

1931
1283
9221
3119

1931
5333
5171
3119

1931
7043
3461
3119

1931
9221
3209
1193

1931
9311
3119
1193

2039
293
3911
9311

2039
383
3821
9311

2039
743
3461
9311

2039
3083
8501
1931

2039
4253
1931
7331

2039
4703
1481
7331

2039
6143
3461
3911

2129
1373
2741
9311

2129
1733
2381
9311

2129
2903
7331
3191

2129
4523
1571
7331

2129
6143
3911
3371

2237
2903
3083
7331

2237
4253
1733
7331

2237
5333
4073
3911

2237
6323
3803
3191

2273
1931
2039
9311

2273
2039
7331
3911

2273
3911
59
9311

2273
5711
4451
3119

2273
9311
59
3911

2309
2903
7151
3191

2309
6143
3191
3911

2309
6143
3911
3191

2381
59
3803
9311

2381
3119
8123
1931

2381
3623
8231
1319

2381
4019
1823
7331

2417
293
3533
9311

2417
743
3083
9311

2417
1553
2273
9311

2417
2273
3533
7331

2417
3083
8123
1931

2417
4073
1733
7331

2417
4253
1553
7331

2417
4523
1283
7331

2417
9203
743
3191

2543
2309
3371
7331

2543
2741
7151
3119

2543
5009
4091
3911

2543
5171
4703
3137

2543
5171
4721
3119

2543
5351
4523
3137

2543
5441
4451
3119

2543
5801
4019
3191

2543
5801
4073
3137

2543
5801
4091
3119

2543
6521
3371
3119

2543
6701
3119
3191

2543
6701
3191
3119

2543
9041
59
3911

2543
9203
617
3191

2543
9221
653
3137

2633
149
3461
9311

2633
1193
2417
9311

2633
2381
3209
7331

2633
3119
491
9311

2633
3191
419
9311

2633
5531
4271
3119

2633
5711
4019
3191

2633
5711
4091
3119

2633
6143
3407
3371

2633
6521
3209
3191

2633
6701
3083
3137

2633
7331
4271
1319

2633
9041
509
3371

2633
9311
239
3371

2741
6323
3371
3119

2741
7043
4451
1319

2903
2309
7151
3191

2903
4271
1049
7331

2903
5009
4451
3191

2903
5261
4019
3371

2903
5261
4253
3137

2903
6053
3407
3191

2903
6323
3137
3191

2903
9041
419
3191

2903
9041
491
3119

2903
9203
257
3191

2903
9221
59
3371

2903
9221
239
3191

2903
9221
293
3137

2903
9311
149
3191

3083
59
8501
3911

3083
1229
1931
9311

3083
1319
3821
7331

3083
1553
1607
9311

3083
4019
6521
1931

3083
5153
3407
3911

3083
5711
3623
3137

3083
6521
2039
3911

3083
9221
1931
1319

3119
293
8231
3911

3119
563
8501
3371

3119
1193
1931
9311

3119
1193
3911
7331

3119
1283
3821
7331

3119
1283
9221
1931

3119
1553
1571
9311

3119
1733
3371
7331

3119
1913
3191
7331

3137
383
8123
3911

3137
1193
1913
9311

3137
1283
1823
9311

3137
1283
3803
7331

3137
1283
9203
1931

3137
1553
3533
7331

3137
1733
1373
9311

3137
1913
1193
9311

3137
2543
563
9311

3137
4703
383
7331

3137
6143
2903
3371

3137
9203
1283
1931

3191
1229
1823
9311

3191
1229
3803
7331

3191
1229
9203
1931

3191
1229
9221
1913

3191
1409
9041
1913

3191
1427
9203
1733

3191
1733
9311
1319

3191
1823
9221
1319

3191
2309
743
9311

3191
3407
7043
1913

3191
4523
6521
1319

3191
9221
1229
1913

3209
1373
9041
1931

3209
1553
3461
7331

3209
2273
761
9311

3209
2543
491
9311

3209
4253
761
7331

3209
4523
491
7331

3371
1409
9041
1733

3371
3119
7151
1913

3371
3209
7043
1931

3371
3407
7043
1733

3371
3533
7331
1319

3371
4217
6053
1913

3371
8231
2039
1913

3407
1733
3083
7331

3407
2273
563
9311

3407
2543
293
9311

3407
4073
743
7331

3407
4073
6143
1931

3407
4253
563
7331

3407
4523
293
7331

3407
6053
2903
3191

3461
59
8123
3911

3461
1553
9221
1319

3461
3209
7151
1733

3461
4019
743
7331

3461
4019
6143
1931

3461
4073
6701
1319

3461
4217
6143
1733

3461
4253
6521
1319

3461
8231
2129
1733

3533
149
8501
3371

3533
761
8123
3137

3533
5081
3803
3137

3533
5081
3821
3119

3533
5261
3623
3137

3533
5351
3533
3137

3533
5441
3461
3119

3533
5531
3371
3119

3533
5711
3119
3191

3533
5711
3191
3119

3533
5801
3083
3137

3533
6521
2309
3191

3533
8501
383
3137

3623
509
8231
3191

3623
1193
3407
7331

3623
4091
509
7331

3623
5531
3209
3191

3623
6143
2417
3371

3623
6323
2237
3371

3623
6521
2273
3137

3623
6701
2039
3191

3623
8501
239
3191

3803
5531
3083
3137

3803
6521
2039
3191

3803
8123
257
3371

3803
8231
383
3137

3803
8501
59
3191

3821
3209
7331
1193

3821
4217
6323
1193

3821
8123
2237
1373

3821
8231
2309
1193

3821
8501
2039
1193

3911
293
8231
3119

3911
1229
3083
7331

3911
1229
9221
1193

3911
9041
1409
1193

3911
9221
1229
1193

4019
293
1931
9311

4019
293
7331
3911

4019
293
9311
1931

4019
653
1571
9311

4019
743
1481
9311

4019
2273
1931
7331

4019
2273
7331
1931

4019
2543
5081
3911

4019
2633
1571
7331

4019
2903
5441
3191

4019
4073
5531
1931

4019
4253
5351
1931

4019
4523
5081
1931

4073
239
1931
9311

4073
239
7331
3911

4073
419
7151
3911

4073
509
9041
1931

4073
2039
5531
3911

4073
5531
2039
3911

4091
239
1913
9311

4091
239
9311
1913

4091
509
7043
3911

4091
509
9041
1913

4091
1229
2903
7331

4091
2903
5441
3119

4091
4703
5441
1319

4091
5009
2543
3911

4127
293
9203
1931

4127
1193
2903
7331

4127
1553
2543
7331

4127
1823
2273
7331

4127
2903
5333
3191

4217
293
1733
9311

4217
653
1373
9311

4217
2273
1733
7331

4217
2633
1373
7331

4217
4073
5333
1931

4217
5153
2273
3911

4217
7043
383
3911

4253
59
7331
3911

4253
509
1481
9311

4253
941
1049
9311

4253
941
9041
1319

4253
1931
2039
7331

4253
2039
5351
3911

4253
2039
7331
1931

4253
2129
5261
3911

4253
2309
5081
3911

4253
2309
5801
3191

4253
2381
5009
3911

4253
2381
5801
3119

4253
2741
5441
3119

4253
4019
5351
1931

4253
4271
5711
1319

4253
5009
2381
3911

4253
5081
2309
3911

4253
5153
2237
3911

4253
5351
2039
3911

4253
7043
347
3911

4253
7151
239
3911

4253
7331
59
3911

4253
7331
2039
1931

4271
239
1733
9311

4271
2039
5333
3911

4271
2039
7331
1913

4271
2309
7043
1931

4271
2633
7331
1319

4271
4019
5351
1913

4271
7331
2039
1913

4451
59
1733
9311

4451
239
1553
9311

4451
509
1283
9311

4451
743
9041
1319

4451
2039
1733
7331

4451
2039
5153
3911

4451
2039
7151
1913

4451
2273
5711
3119

4451
4019
5153
1931

4451
4019
5171
1913

4451
4073
5711
1319

4451
4217
5153
1733

4451
4253
5531
1319

4451
4523
5261
1319

4451
4703
5081
1319

4451
5009
2903
3191

4451
7043
941
3119

4451
7043
2741
1319

4523
59
9041
1931

4523
509
7331
3191

4523
2039
5081
3911

4523
2039
5801
3191

4523
2129
1571
7331

4523
2129
5531
3371

4523
2309
5531
3191

4523
4091
5009
1931

4523
5171
2741
3119

4523
5261
2633
3137

4523
5351
2543
3137

4523
5531
2309
3191

4523
5531
2381
3119

4523
5711
2129
3191

4523
5801
2039
3191

4523
7151
743
3137

4523
7331
509
3191

4523
7331
2381
1319

4703
2039
1481
7331

4703
2039
5441
3371

4703
2129
5531
3191

4703
2309
5351
3191

4703
4091
5441
1319

4703
5171
2543
3137

4703
5351
2309
3191

4703
7151
509
3191

4703
7151
563
3137

4703
7331
383
3137

4721
2309
5333
3191

4721
2309
7331
1193

4721
4073
5441
1319

4721
5333
2381
3119

4721
7043
2417
1373

4721
7331
2309
1193

5009
293
941
9311

5009
743
491
9311

5009
1193
5441
3911

5009
1733
5441
3371

5009
1913
5441
3191

5009
3533
5081
1931

5009
4523
4091
1931

5009
5153
3461
1931

5009
8123
491
1931

5081
59
8501
1913

5081
419
8123
1931

5081
617
8123
1733

5081
653
8501
1319

5081
1229
5333
3911

5081
1229
7331
1913

5081
3623
5531
1319

5081
4019
4523
1931

5081
4217
4523
1733

5081
5153
3407
1913

5081
7151
1409
1913

5153
149
941
9311

5153
239
8231
1931

5153
743
347
9311

5153
941
149
9311

5153
1049
5441
3911

5153
1229
5261
3911

5153
1319
5171
3911

5153
1319
7151
1931

5153
1409
5081
3911

5153
1409
5801
3191

5153
1481
5009
3911

5153
1481
5801
3119

5153
1571
5711
3119

5153
1931
5333
3137

5153
1931
5351
3119

5153
1931
7151
1319

5153
2381
6701
1319

5153
3083
3407
3911

5153
3371
3119
3911

5153
3371
5711
1319

5153
3821
5261
1319

5153
3911
3371
3119

5153
3911
5171
1319

5153
4019
4451
1931

5153
5171
3911
1319

5153
5333
3137
1931

5153
5711
3371
1319

5153
7151
1931
1319

5153
8231
239
1931

5171
239
8231
1913

5171
1319
5153
3911

5171
1319
7151
1913

5171
1409
7043
1931

5171
1607
7043
1733

5171
1733
7331
1319

5171
1913
5351
3119

5171
1913
7151
1319

5171
2309
6143
1931

5171
2417
6053
1913

5171
3533
5531
1319

5171
4019
4451
1913

5171
4217
4253
1913

5171
5333
3137
1913

5171
8231
239
1913

5261
1319
7043
1931

5261
1373
5801
3119

5261
1409
7151
1733

5261
2039
6323
1931

5261
2237
6323
1733

5261
2273
6701
1319

5261
2309
6053
1931

5261
2417
6143
1733

5261
3209
5351
1733

5261
3371
5009
1913

5261
3407
5153
1733

5261
4253
4721
1319

5261
5171
3209
1913

5261
7151
1229
1913

5333
1049
5801
3371

5333
1319
5711
3191

5333
1931
5171
3119

5333
3119
3191
3911

5333
3119
3911
3191

5333
3191
3119
3911

5333
3191
3911
3119

5333
3209
5081
1931

5333
3461
3623
3137

5333
3821
3209
3191

5333
3911
3119
3191

5333
3911
3191
3119

5333
5081
3821
1319

5333
5153
3137
1931

5333
5531
3371
1319

5351
509
383
9311

5351
653
8231
1319

5351
1373
5711
3119

5351
1553
7331
1319

5351
1823
5261
3119

5351
1913
5171
3119

5351
2237
6053
1913

5351
2309
6701
1193

5351
2417
6053
1733

5351
3083
5801
1319

5351
3119
5153
1931

5351
3119
5171
1913

5351
3119
5351
1733

5351
3137
5153
1913

5351
3137
5333
1733

5351
3209
3083
3911

5351
3209
5081
1913

5351
3533
5351
1319

5351
3623
5261
1319

5351
3803
5081
1319

5351
4217
4073
1913

5351
4271
4019
1913

5351
5153
3137
1913

5351
5171
3119
1913

5351
5801
3209
1193

5351
8123
167
1913

5351
8231
59
1913

5441
59
8123
1931

5441
257
8123
1733

5441
509
293
9311

5441
1049
5153
3911

5441
1049
7151
1913

5441
1229
7151
1733

5441
2273
6521
1319

5441
3209
5171
1733

5441
3209
5711
1193

5441
4019
4721
1373

5441
4073
4127
1913

5441
4073
4721
1319

5441
4127
4253
1733

5441
4217
4523
1373

5441
4253
4127
1733

5441
4523
4217
1373

5441
4523
4271
1319

5441
4703
4091
1319

5441
4703
4217
1193

5441
4721
4019
1373

5441
5009
3191
1913

5441
5009
3911
1193

5441
5171
3209
1733

5441
7151
1229
1733

5441
8123
257
1733

5531
149
563
9311

5531
149
8501
1373

5531
1193
5711
3119

5531
1319
5333
3371

5531
1319
7331
1373

5531
1733
5171
3119

5531
2129
6701
1193

5531
3083
3821
3119

5531
3119
3533
3371

5531
3119
5531
1373

5531
3119
5711
1193

5531
3533
3371
3119

5531
3821
5009
1193

5531
4019
4091
1913

5531
4091
4019
1913

5531
4127
4703
1193

5531
5009
3083
1931

5531
5333
3371
1319

5531
5711
3119
1193

5711
149
8501
1193

5711
1193
5531
3119

5711
2129
6521
1193

5711
4127
4523
1193

5711
7043
1427
1373

5711
7043
1481
1319

5711
7331
1319
1193

5801
149
293
9311

5801
1229
5333
3191

5801
1229
7331
1193

5801
3119
5261
1373

5801
3209
5351
1193

5801
4127
4253
1373

5801
8123
257
1373

5801
8501
59
1193

6053
59
5531
3911

6053
149
5441
3911

6053
239
5351
3911

6053
419
5171
3911

6053
509
5081
3911

6053
941
5441
3119

6053
1571
4019
3911

6053
1931
4451
3119

6053
3209
2381
3911

6053
5531
2039
1931

6143
509
5711
3191

6143
941
5351
3119

6143
1049
4451
3911

6143
1229
4271
3911

6143
1319
4721
3371

6143
1373
4127
3911

6143
1409
4091
3911

6143
1571
4703
3137

6143
1571
4721
3119

6143
1823
4217
3371

6143
1913
4127
3371

6143
3371
2129
3911

6143
3911
2129
3371

6143
5351
2129
1931

6323
239
5081
3911

6323
1319
4721
3191

6323
1913
4127
3191

6323
3191
2903
3137

6323
3371
2741
3119

6323
3461
2633
3137

6323
3623
2237
3371

6323
3803
2237
3191

6323
3821
2039
3371

6323
3821
2273
3137

6323
3911
2129
3191

6323
5261
2039
1931

6323
5531
2381
1319

6323
7151
149
1931

6521
509
5333
3191

6521
1319
4523
3191

6521
3209
2633
3191

6521
3533
2381
3119

6521
5333
2381
1319

6521
5531
2309
1193

6521
5711
2129
1193

6521
5801
2039
1193

6521
7331
509
1193

6701
3119
2543
3191

6701
5351
2309
1193

6701
7043
491
1319

6701
7151
509
1193

7043
149
4451
3911

7043
509
4091
3911

7043
941
4451
3119

7043
1229
5351
1931

7043
1409
5171
1931

7043
1571
5009
1931

7043
3209
3371
1931

7043
3371
3821
1319

7151
239
4253
3911

7151
419
4073
3911

7151
509
4703
3191

7151
1049
5441
1913

7151
1229
5261
1913

7151
1283
5801
1319

7151
1319
5153
1931

7151
1319
5171
1913

7151
1373
5711
1319

7151
1409
5081
1913

7151
1409
5801
1193

7151
1481
5009
1913

7151
1553
5531
1319

7151
1733
5351
1319

7151
1823
5261
1319

7151
1913
5171
1319

7151
3083
3407
1913

7151
3371
3119
1913

7151
3407
3083
1913

7151
3407
3803
1193

7331
239
4073
3911

7331
383
4721
3119

7331
1049
5801
1373

7331
1319
5711
1193

7331
1409
5081
1733

7331
1481
5009
1733

7331
3083
3821
1319

7331
3119
3191
1913

7331
3119
3911
1193

7331
3191
3119
1913

7331
3209
3083
1931

7331
3407
3083
1733

7331
3533
3371
1319

7331
3821
3209
1193

7331
3911
3119
1193

8123
1571
2741
3119

8123
1823
2237
3371

8123
1931
2309
3191

8123
1931
2381
3119

8123
5171
941
1319

8123
5261
239
1931

8123
5351
149
1931

8231
2039
3371
1913

8231
2309
3083
1931

8231
2543
3407
1373

8231
2543
3461
1319

8231
2633
3371
1319

8231
5009
383
1931

8231
5711
419
1193

8501
1193
2741
3119

8501
1229
2633
3191

8501
1319
2543
3191

8501
2039
3083
1931

8501
2741
3119
1193

8501
5333
347
1373

8501
5351
509
1193

8501
5441
419
1193

8501
5711
149
1193

8501
5801
59
1193

9041
59
4523
1931

9041
149
4451
1913

9041
257
4523
1733

9041
509
4073
1931

9041
509
4091
1913

9041
617
4523
1373

9041
653
4127
1733

9041
743
4451
1319

9041
2903
491
3119

9041
2903
2417
1193

9041
3209
1373
1931

9041
3209
1571
1733

9041
3371
1409
1733

9041
3407
1193
1913

9041
3407
1913
1193

9041
3623
1571
1319

9203
941
4091
1319

9203
2039
2381
1931

9203
2633
347
3371

9203
2741
419
3191

9203
2741
491
3119

9203
3371
1049
1931

9221
941
4019
1373

9221
2039
383
3911

9221
2039
2381
1913

9221
2129
2273
1931

9221
2273
2741
1319

9221
2543
2417
1373

9221
2633
2381
1319

9221
3137
1283
1913

9221
3371
1049
1913

9221
3533
1481
1319

9311
239
4073
1931

9311
257
4073
1913

9311
347
4703
1193

9311
419
4091
1733

9311
491
4019
1733

9311
653
4271
1319

9311
2129
2381
1733

9311
2309
743
3191

9311
2309
2741
1193

9311
2543
2381
1319

9311
3119
1193
1931

9311
3137
1373
1733

9311
3137
1913
1193

9311
3191
1319
1733

9311
3821
1229
1193

aaa14

aaa15

79
6361
7603
3733

79
6361
9403
1933

79
8521
5443
3733

97
3643
4903
9133

97
3643
6703
7333

97
6343
7603
3733

97
6343
9403
1933

97
6703
7243
3733

97
6703
9043
1933

277
2833
7333
7333

277
3463
6703
7333

277
3823
6343
7333

277
7333
2833
7333

349
691
9403
7333

349
3391
4903
9133

349
3391
6703
7333

349
3571
4723
9133

349
3931
4363
9133

349
5821
4273
7333

349
6091
7603
3733

349
6091
9403
1933

349
6451
7603
3373

349
7621
2473
7333

349
8431
5623
3373

349
9421
673
7333

367
673
9403
7333

367
2473
7603
7333

367
2833
7243
7333

367
3373
4903
9133

367
3373
6703
7333

367
3733
6343
7333

367
4903
3373
9133

367
6073
7603
3733

367
6073
9403
1933

367
6703
7333
3373

367
7603
2473
7333

367
9403
673
7333

439
3931
6073
7333

439
4561
3643
9133

439
4831
3373
9133

439
5281
4723
7333

439
6271
9133
1933

439
6361
7243
3733

439
6361
7603
3373

457
4363
5623
7333

457
6343
7243
3733

457
6343
7603
3373

547
3823
4273
9133

547
4273
3823
9133

547
5623
4273
7333

547
7603
2293
7333

619
6091
1933
9133

619
6091
7333
3733

619
6271
1753
9133

619
6361
1663
9133

619
8161
5623
3373

673
367
7603
9133

673
367
9403
7333

673
727
9043
7333

673
3067
4903
9133

673
3067
6703
7333

673
3463
4507
9133

673
3733
6037
7333

673
4327
3643
9133

673
4327
5443
7333

673
4363
3607
9133

673
4363
5407
7333

673
6037
1933
9133

673
6037
7333
3733

673
6163
7621
3319

673
6703
7027
3373

673
7333
2437
7333

691
349
7603
9133

691
349
9403
7333

691
709
9043
7333

691
3049
4903
9133

691
3049
6703
7333

691
4219
3733
9133

727
2383
7333
7333

727
3643
4273
9133

727
3643
6073
7333

727
5623
4093
7333

727
6343
7333
3373

727
7243
2473
7333

727
7333
2383
7333

727
8233
5443
3373

853
547
7243
9133

853
3463
4327
9133

853
6163
1627
9133

853
7243
2347
7333

853
9043
547
7333

907
3463
4273
9133

907
3463
6073
7333

907
8053
5443
3373

1069
2671
4903
9133

1069
6271
6703
3733

1069
8431
6343
1933

1069
9511
3463
3733

1069
9601
3733
3373

1087
4723
8233
3733

1087
4903
8053
3733

1249
691
6703
9133

1249
2671
4723
9133

1249
4831
4363
7333

1249
6451
6703
3373

1249
9421
3373
3733

1429
4831
2383
9133

1429
6271
6703
3373

1429
9241
3733
3373

1447
2833
4363
9133

1447
4093
4903
7333

1447
4273
4723
7333

1447
4723
4273
7333

1447
4903
4093
7333

1447
4903
8053
3373

1447
6703
2293
7333

1447
7333
5623
3373

1447
8233
6163
1933

1483
727
8233
7333

1483
907
8053
7333

1483
4129
8233
3931

1483
4327
8233
3733

1483
4507
8053
3733

1483
4813
8161
3319

1483
4903
4057
7333

1483
4903
8017
3373

1483
6703
6217
3373

1483
9043
3931
3319

1609
6091
6703
3373

1609
6361
673
9133

1609
6361
2473
7333

1609
7351
5443
3373

1609
9151
3643
3373

1627
4723
4093
7333

1627
6073
6703
3373

1627
6343
673
9133

1627
6343
2473
7333

1627
7333
5443
3373

1627
9043
3373
3733

1627
9043
3733
3373

1627
9133
3643
3373

1663
277
6703
9133

1663
2473
4507
9133

1663
4273
2707
9133

1663
4723
8017
3373

1663
6037
6343
3733

1663
6073
907
9133

1663
6073
2707
7333

1663
6217
6163
3733

1663
6343
6451
3319

1663
6703
6037
3373

1663
6703
6091
3319

1663
9007
3373
3733

1663
9007
3733
3373

1753
4363
4327
7333

1753
6343
547
9133

1753
6343
2347
7333

1753
7243
5407
3373

1861
439
6343
9133

1861
4219
4363
7333

1933
547
6163
9133

1933
673
6037
9133

1933
2437
4273
9133

1933
4093
8431
3319

1933
4273
2437
9133

1933
6037
2473
7333

1933
6037
6073
3733

1933
6073
2437
7333

1933
6073
6037
3733

1933
6163
547
9133

1933
6163
2347
7333

1933
9007
3463
3373

1933
9043
3067
3733

1933
9133
3319
3391

1933
9133
3391
3319

1933
9403
3049
3391

1933
9403
3067
3373

2239
2671
3733
9133

2239
2671
9133
3733

2239
4831
3373
7333

2239
6271
1933
7333

2239
6271
7333
1933

2239
8431
3373
3733

2293
2347
9403
3733

2293
2617
3733
9133

2293
2617
9133
3733

2293
2707
9043
3733

2293
4219
7333
3931

2293
4813
7351
3319

2293
6217
1933
7333

2293
6217
7333
1933

2293
7243
907
7333

2347
3373
4723
7333

2347
3733
4363
7333

2347
3823
4273
7333

2347
4093
7603
3733

2347
4723
3373
7333

2383
3229
8233
3931

2383
3607
8053
3733

2383
3643
8431
3319

2383
4327
3733
7333

2383
7603
457
7333

2437
2833
3373
9133

2437
3373
8233
3733

2437
3733
4273
7333

2437
4273
3733
7333

2437
4363
3643
7333

2437
4363
7243
3733

2437
4363
7603
3373

2437
6073
1933
7333

2437
6163
7243
1933

2437
6343
1663
7333

2437
7333
673
7333

2473
2239
9133
3931

2473
2833
9151
3319

2473
3067
4903
7333

2473
4129
7243
3931

2473
4327
3643
7333

2473
4327
7243
3733

2473
4327
7603
3373

2473
4363
3607
7333

2473
4363
7207
3733

2473
4363
7621
3319

2473
4723
7207
3373

2473
4903
7027
3373

2473
6037
1933
7333

2473
6163
7207
1933

2617
2293
3733
9133

2617
2293
9133
3733

2617
4093
3733
7333

2617
4093
7333
3733

2617
4363
3463
7333

2617
6073
1753
7333

2617
6163
1663
7333

2617
6343
1483
7333

2671
2239
3733
9133

2671
2239
9133
3733

2671
4129
3643
7333

2671
4129
7603
3373

2707
2293
9403
3373

2707
3643
8053
3373

2707
4363
3373
7333

2707
8233
3463
3373

2833
2437
3373
9133

2833
7243
367
7333

2833
8053
3517
3373

2833
8053
3571
3319

2833
8233
3319
3391

2833
8233
3391
3319

3049
691
4903
9133

3049
691
6703
7333

3049
3391
7603
3733

3049
3391
9403
1933

3049
4651
6703
3373

3049
6091
4903
3733

3049
6271
4723
3733

3049
8521
2473
3733

3049
9421
3373
1933

3067
673
4903
9133

3067
673
6703
7333

3067
3373
7603
3733

3067
3373
9403
1933

3067
3733
7243
3733

3067
3733
9043
1933

3067
4273
6703
3733

3067
4903
6073
3733

3067
6073
4903
3733

3067
6703
4273
3733

3067
7333
3643
3733

3067
7603
3733
3373

3067
9403
3373
1933

3229
4831
6343
3373

3229
5281
1933
7333

3229
5281
7333
1933

3229
6271
4903
3373

3229
6361
4813
3373

3229
8431
2383
3733

3229
9241
3373
1933

3319
3391
1933
9133

3319
3391
9133
1933

3319
3571
1753
9133

3319
4561
6163
3733

3319
5641
1483
7333

3319
6361
4723
3373

3373
367
4903
9133

3373
367
6703
7333

3373
727
6343
7333

3373
3067
7603
3733

3373
3067
9403
1933

3373
3229
7243
3931

3373
3463
7621
3319

3373
3733
7351
3319

3373
3823
7207
3373

3373
4327
6703
3373

3373
5227
7243
1933

3373
5623
1447
7333

3373
6703
4327
3373

3373
7027
3643
3733

3373
8233
2239
3931

3391
349
4903
9133

3391
349
6703
7333

3391
709
6343
7333

3391
3049
7603
3733

3391
3049
9403
1933

3391
3319
1933
9133

3391
3319
9133
1933

3391
5209
7243
1933

3463
277
6703
7333

3463
673
4507
9133

3463
907
6073
7333

3463
2833
2347
9133

3463
3373
7207
3733

3463
3517
1663
9133

3463
4219
6163
3931

3463
4507
6073
3733

3463
4723
6217
3373

3463
4723
6271
3319

3463
4903
6037
3373

3463
4903
6091
3319

3463
6073
907
7333

3463
6073
4507
3733

3463
6343
4651
3319

3463
6703
277
7333

3463
7207
3733
3373

3517
2293
2833
9133

3517
3643
1483
9133

3517
3643
7243
3373

3517
5443
1483
7333

3571
2239
2833
9133

3571
3229
7243
3733

3571
3229
9043
1933

3607
4093
6703
3373

3607
4723
6073
3373

3607
6073
4723
3373

3607
6163
673
7333

3607
6703
4093
3373

3607
7333
3463
3373

3643
97
4903
9133

3643
97
6703
7333

3643
277
4723
9133

3643
727
6073
7333

3643
2293
2707
9133

3643
2383
2617
9133

3643
3373
1627
9133

3643
3733
7027
3373

3643
4057
6703
3373

3643
4363
6451
3319

3643
6037
4363
3733

3643
6037
4723
3373

3643
6073
727
7333

3643
6073
4327
3733

3643
6163
4651
3319

3643
6703
97
7333

3643
6703
4057
3373

3643
7027
3373
3733

3643
8053
2707
3373

3733
367
6343
7333

3733
673
6037
7333

3733
3067
7243
3733

3733
4273
6037
3733

3733
6037
4273
3733

3733
6343
367
7333

3733
7207
3463
3373

3733
7243
3067
3733

3733
7333
3319
3391

3733
7333
3391
3319

3733
7603
3049
3391

3733
7603
3067
3373

3823
547
4273
9133

3823
2437
2383
9133

3823
3229
7333
3391

3823
6073
4507
3373

3823
8233
2347
3373

3931
439
4273
9133

3931
439
6073
7333

3931
2239
2473
9133

4057
3643
6703
3373

4057
5443
6343
1933

4057
6343
5443
1933

4093
349
9403
3931

4093
547
9403
3733

4093
619
9133
3931

4093
709
9043
3931

4093
853
9511
3319

4093
907
9043
3733

4093
2347
7603
3733

4093
2617
1933
9133

4093
2707
7243
3733

4093
3049
6703
3931

4093
3607
6703
3373

4093
3643
2707
7333

4093
5407
6343
1933

4093
6343
5407
1933

4093
7243
2707
3733

4093
7603
2707
3373

4093
8017
1933
3733

4093
8017
3733
1933

4093
9043
709
3931

4093
9043
907
3733

4093
9403
349
3931

4093
9403
547
3733

4129
2671
7603
3373

4129
3931
2383
7333

4129
3931
6343
3373

4129
5641
673
7333

4129
5641
6073
1933

4129
7621
2293
3733

4129
8431
1483
3733

4219
691
9133
3733

4219
2671
1753
9133

4219
3391
2833
7333

4273
367
9403
3733

4273
727
9043
3733

4273
1663
2707
9133

4273
2239
7333
3931

4273
2437
7333
3733

4273
2833
7351
3319

4273
3229
6343
3931

4273
3463
2707
7333

4273
3733
6037
3733

4273
3823
2347
7333

4273
5227
6343
1933

4273
7333
2437
3733

4273
7333
2851
3319

4273
8233
1951
3319

4273
9403
727
3373

4327
673
9403
3373

4327
1933
2383
9133

4327
2383
1933
9133

4327
2473
7603
3373

4327
2833
7243
3373

4327
3373
6703
3373

4327
3643
2473
7333

4327
3643
6073
3733

4327
3733
2383
7333

4327
3733
6343
3373

4327
3823
2293
7333

4327
5443
673
7333

4327
9043
673
3733

4363
79
9403
3931

4363
673
5407
7333

4363
673
9007
3733

4363
1933
2347
9133

4363
2239
7243
3931

4363
2707
7333
3373

4363
3319
6163
3931

4363
3373
2707
7333

4363
3517
6163
3733

4363
3607
2473
7333

4363
3607
6073
3733

4363
3643
6451
3319

4363
3733
2347
7333

4363
3733
6361
3319

4363
3823
6217
3373

4363
3823
6271
3319

4363
5407
673
7333

4363
6037
5443
1933

4363
6073
5407
1933

4363
7603
2437
3373

4363
8017
1663
3733

4363
8017
3463
1933

4363
8233
1249
3931

4363
9007
673
3733

4363
9403
691
3319

4507
1663
2473
9133

4507
3463
2473
7333

4507
3463
6073
3733

4507
7603
2293
3373

4561
439
5443
7333

4561
439
9043
3733

4561
1609
2473
9133

4561
2239
7243
3733

4561
5119
6163
1933

4561
5209
6073
1933

4651
349
5443
7333

4651
349
9403
3373

4651
3049
6343
3733

4651
3049
6703
3373

4723
277
9403
3373

4723
673
9007
3373

4723
1627
2293
9133

4723
2347
7333
3373

4723
2383
7351
3319

4723
3643
6037
3373

4723
5623
97
7333

4723
7027
2293
3733

4723
7243
2437
3373

4723
7333
2347
3373

4723
8233
1087
3733

4723
8233
1447
3373

4723
9043
277
3733

4813
97
9133
3733

4813
1447
2383
9133

4813
2293
7351
3319

4813
3067
6163
3733

4813
3229
6343
3391

4813
7207
2383
3373

4813
7243
2347
3373

4813
9043
547
3373

4831
79
9133
3733

4831
3049
6163
3733

4903
79
9403
3391

4903
97
9403
3373

4903
439
9043
3391

4903
457
9043
3373

4903
2473
7027
3373

4903
3067
2473
7333

4903
3067
6073
3733

4903
3463
6091
3319

4903
7027
2473
3373

4903
8053
1447
3373

4903
9043
439
3391

4903
9043
457
3373

4903
9133
349
3391

4903
9133
367
3373

4903
9403
79
3391

4903
9403
97
3373

5119
1861
1663
9133

5119
2671
8053
1933

5119
6091
2833
3733

5209
4831
4363
3373

5209
6361
2473
3733

5227
2383
2833
7333

5227
2833
2383
7333

5227
4273
4903
3373

5227
4363
4813
3373

5227
4723
4093
3733

5227
6343
2473
3733

5227
6343
2833
3373

5227
8233
2383
1933

5281
1609
1753
9133

5407
4093
4903
3373

5407
4273
4723
3373

5407
4363
673
7333

5407
4363
4273
3733

5407
4723
4273
3373

5407
4903
4093
3373

5407
6163
4273
1933

5407
6703
2293
3373

5443
2293
2707
7333

5443
2383
2617
7333

5443
2707
2293
7333

5443
2833
367
9133

5443
4057
4903
3373

5443
4093
907
7333

5443
4093
4507
3733

5443
4129
4273
3931

5443
4219
4723
3391

5443
4273
727
7333

5443
4273
4129
3931

5443
4327
673
7333

5443
4327
4273
3733

5443
4363
4651
3319

5443
4507
4093
3733

5443
4723
277
7333

5443
4723
4219
3391

5443
4813
4129
3391

5443
4903
97
7333

5443
4903
4057
3373

5623
1087
1933
9133

5623
2347
673
9133

5623
2347
2473
7333

5623
2383
2437
7333

5623
4723
97
7333

5623
6037
2383
3733

5623
6073
2707
3373

5623
6163
2617
3373

5623
6163
2671
3319

5623
6343
2437
3373

5641
4129
673
7333

5821
2239
2383
7333

6037
673
3733
7333

6037
673
9133
1933

6037
1663
6703
3373

6037
1933
6073
3733

6037
2473
7333
1933

6037
3463
6343
1933

6037
3643
6163
1933

6037
3733
4273
3733

6037
3733
6073
1933

6037
4363
5443
1933

6037
7333
673
3733

6073
367
7603
3733

6073
367
9403
1933

6073
439
7333
3931

6073
727
7243
3733

6073
727
9043
1933

6073
1069
6703
3931

6073
1429
6343
3931

6073
1627
6703
3373

6073
1933
6037
3733

6073
2437
7333
1933

6073
3067
4903
3733

6073
3067
6703
1933

6073
3463
4507
3733

6073
3607
4723
3373

6073
3733
6037
1933

6073
3823
4507
3373

6073
4327
5443
1933

6073
4363
5407
1933

6073
7333
439
3931

6073
7603
727
3373

6091
349
7603
3733

6091
349
9403
1933

6091
619
3733
7333

6091
619
9133
1933

6091
709
7243
3733

6091
709
9043
1933

6091
1249
6703
3733

6091
1609
6703
3373

6091
3049
4903
3733

6091
3049
6703
1933

6163
79
7603
3931

6163
277
9403
1933

6163
439
7243
3931

6163
673
3607
7333

6163
673
7207
3733

6163
673
9007
1933

6163
907
3373
7333

6163
907
7333
3373

6163
1609
6073
3931

6163
1933
6361
3319

6163
2437
7243
1933

6163
2473
7207
1933

6163
2617
1663
7333

6163
3607
4273
3733

6163
3607
6073
1933

6163
3643
4651
3319

6163
3733
4561
3319

6163
4273
5407
1933

6163
7603
79
3931

6163
7603
277
3733

6163
7603
691
3319

6217
1663
6163
3733

6217
2293
1933
7333

6217
2293
7333
1933

6217
2473
1753
7333

6217
3463
4363
3733

6217
3463
4723
3373

6271
439
3733
7333

6271
439
7333
3733

6271
1429
6343
3733

6271
1429
6703
3373

6271
2239
1933
7333

6271
2239
7333
1933

6271
3229
4903
3373

6271
3229
6343
1933

6343
97
7603
3733

6343
97
9403
1933

6343
457
7603
3373

6343
673
7027
3733

6343
727
3373
7333

6343
853
7207
3373

6343
1627
6073
3733

6343
1663
6451
3319

6343
1753
6361
3319

6343
2293
7207
1933

6343
2437
1663
7333

6343
2473
1627
7333

6343
3229
4273
3931

6343
3319
4723
3391

6343
3373
4129
3931

6343
3463
4651
3319

6343
3607
4093
3733

6343
3733
4327
3373

6343
3823
4219
3391

6343
4093
5407
1933

6343
4273
5227
1933

6343
7027
673
3733

6343
7333
727
3373

6343
7603
97
3733

6343
7603
457
3373

6361
79
7603
3733

6361
79
9403
1933

6361
439
3643
7333

6361
619
3463
7333

6361
709
3373
7333

6361
709
7333
3373

6361
1609
6073
3733

6361
2239
7243
1933

6361
3319
6163
1933

6451
349
3643
7333

6451
349
7243
3733

6451
349
7603
3373

6451
1249
6703
3373

6451
3049
4903
3373

6451
3229
4723
3373

6703
349
7333
3391

6703
367
3373
7333

6703
673
7027
3373

6703
1609
6073
3391

6703
1627
6073
3373

6703
1663
6091
3319

6703
3067
4273
3733

6703
3373
4327
3373

6703
3607
4093
3373

6703
3643
4057
3373

6703
7243
439
3391

6703
7243
457
3373

6703
7333
349
3391

6703
7333
367
3373

6703
7603
79
3391

6703
7603
97
3373

7027
3643
3733
3373

7027
6343
673
3733

7027
6343
2473
1933

7207
2293
4903
3373

7207
2383
853
7333

7207
2473
4723
3373

7207
2833
4363
3373

7207
3373
3823
3373

7207
3463
3373
3733

7207
3823
3373
3373

7207
6343
853
3373

7243
2239
4363
3931

7243
2293
907
7333

7243
2383
4831
3319

7243
2437
4363
3733

7243
2437
4723
3373

7243
2473
727
7333

7243
2473
4327
3733

7243
2707
4093
3733

7243
2833
367
7333

7243
2833
4327
3373

7243
3229
3373
3931

7243
3319
3823
3391

7243
3733
3067
3733

7243
3823
3319
3391

7243
6703
97
3733

7333
673
2437
7333

7333
2239
4273
3931

7333
2383
727
7333

7333
2383
4129
3931

7333
2437
673
7333

7333
2707
4363
3373

7333
2833
277
7333

7333
2833
4219
3391

7333
3049
3463
3931

7333
3067
3643
3733

7333
3067
5443
1933

7333
3463
3607
3373

7333
3607
3463
3373

7333
3643
3067
3733

7333
3733
3319
3391

7333
3733
3391
3319

7333
3823
3229
3391

7333
6037
673
3733

7333
6037
2473
1933

7333
6073
439
3931

7333
6073
2437
1933

7333
6703
349
3391

7333
6703
367
3373

7351
3049
3643
3733

7351
3049
5443
1933

7603
367
2473
7333

7603
2383
457
7333

7603
2707
4093
3373

7603
3049
3733
3391

7603
3067
3373
3733

7603
3733
3049
3391

7603
3733
3067
3373

7603
6073
709
3391

7603
6073
727
3373

7603
6163
619
3391

7603
6163
691
3319

7603
6343
439
3391

7603
6343
457
3373

7603
6703
79
3391

7603
6703
97
3373

7621
349
2473
7333

7621
3049
3373
3733

7621
3049
3733
3373

8017
673
1753
7333

8017
1663
6163
1933

8017
2293
3733
3733

8017
4093
3733
1933

8017
4363
3463
1933

8017
5443
2383
1933

8053
349
5443
3931

8053
367
5623
3733

8053
547
5443
3733

8053
1447
6343
1933

8053
2347
3643
3733

8053
5443
2347
1933

8161
439
5443
3733

8161
619
1663
7333

8161
1609
6073
1933

8161
4219
3463
1933

8161
5209
2473
1933

8233
277
1933
7333

8233
367
5443
3733

8233
2239
3373
3931

8233
2293
3931
3319

8233
2347
3463
3733

8233
2437
3373
3733

8233
2833
3319
3391

8233
2833
3391
3319

8431
79
1933
7333

8431
349
1663
7333

8431
1249
6163
1933

8521
439
1483
7333

8521
439
5443
3373

8521
1249
6073
1933

9007
673
4723
3373

9007
4363
673
3733

9007
4363
2473
1933

9043
79
4723
3931

9043
97
4903
3733

9043
277
4723
3733

9043
439
4363
3931

9043
619
4723
3391

9043
673
727
7333

9043
673
4129
3931

9043
709
4093
3931

9043
727
4273
3733

9043
853
4507
3373

9043
853
4561
3319

9043
907
4093
3733

9043
1429
3373
3931

9043
1483
3319
3931

9043
1483
3517
3733

9043
1933
3067
3733

9043
2437
4363
1933

9043
2473
4327
1933

9043
2707
4093
1933

9043
4093
709
3931

9043
4093
907
3733

9043
4093
2707
1933

9043
4273
727
3733

9043
4327
673
3733

9043
4327
2473
1933

9043
4723
79
3931

9043
4723
277
3733

9043
4903
97
3733

9043
6073
727
1933

9043
6703
97
1933

9133
439
4273
3931

9133
439
4813
3391

9133
457
4813
3373

9133
907
4363
3373

9133
1069
3643
3931

9133
1087
3823
3733

9133
1087
5623
1933

9133
1249
3463
3931

9133
1429
3823
3391

9133
1447
3463
3733

9133
1483
3229
3931

9133
1483
5227
1933

9133
1609
3643
3391

9133
1663
3049
3931

9133
1663
3607
3373

9133
1753
3517
3373

9133
1753
3571
3319

9133
1933
3319
3391

9133
1933
3391
3319

9133
2437
4273
1933

9133
4273
439
3931

9133
4273
2437
1933

9133
4903
349
3391

9133
4903
367
3373

9133
6037
673
1933

9151
1069
3823
3733

9151
1069
5623
1933

9151
1249
5443
1933

9151
1429
3823
3373

9241
439
4363
3733

9241
439
4723
3373

9241
709
4093
3733

9241
1429
3373
3733

9241
2239
4363
1933

9403
79
4903
3391

9403
97
4903
3373

9403
277
4723
3373

9403
367
673
7333

9403
367
4273
3733

9403
709
4273
3391

9403
727
4273
3373

9403
907
4093
3373

9403
1249
3733
3391

9403
1933
3049
3391

9403
1933
3067
3373

9403
4093
907
3373

9403
4273
709
3391

9403
4273
727
3373

9403
4327
673
3373

9403
4363
277
3733

9403
4363
619
3391

9403
4363
691
3319

9403
4723
277
3373

9403
4903
79
3391

9403
4903
97
3373

9403
6163
277
1933

9421
79
4903
3373

9421
349
673
7333

9421
349
4273
3733

9421
1249
3733
3373

9421
4129
2293
1933

9601
79
4723
3373

9601
709
4093
3373

9601
1069
3373
3733

9601
4129
673
3373

aaa16

aaa17

aaa18

aaa19

389
8831
3863
9137

389
9371
8543
3917

479
6563
5807
9371

479
6653
5717
9371

479
9281
8543
3917

569
5861
6653
9137

569
9551
2963
9137

659
4583
7607
9371

659
4673
7517
9371

659
6473
5717
9371

659
6581
5807
9173

659
6581
5843
9137

659
9551
4817
7193

677
9461
2909
9173

677
9551
2819
9173

839
3881
8363
9137

839
8093
3917
9371

839
8291
3917
9173

839
8543
3467
9371

839
8741
3467
9173

839
9281
2963
9137

857
9281
2909
9173

929
5591
6563
9137

929
6491
7607
7193

929
6581
7517
7193

929
8291
3863
9137

929
8291
5807
7193

929
9281
2837
9173

929
9281
4817
7193

929
9461
2657
9173

929
9461
2693
9137

929
9551
4547
7193

929
9623
2297
9371

947
6581
5519
9173

947
9281
2819
9173

947
9551
2549
9173

983
3359
8741
9137

983
4259
7841
9137

983
9029
8291
3917

983
9227
8291
3719

1559
5483
5807
9371

1559
5573
5717
9371

1559
9551
7193
3917

1847
8831
4349
7193

1973
5519
5591
9137

2099
9551
6653
3917

2459
4583
5807
9371

2459
4673
5717
9371

2459
4871
5717
9173

2459
5573
4817
9371

2459
9281
6563
3917

2549
4583
5717
9371

2549
5483
4817
9371

2549
5591
4943
9137

2549
5843
4457
9371

2549
5861
4637
9173

2549
5861
4673
9137

2549
6581
9173
3917

2549
7841
2657
9173

2549
7841
2693
9137

2549
9551
947
9173

2549
9551
983
9137

2657
7481
2909
9173

2657
9551
2819
7193

2693
5519
4871
9137

2693
6257
9551
3719

2693
6329
9281
3917

2693
9227
6581
3719

2729
5861
4457
9173

2729
5861
4493
9137

2729
6491
5807
7193

2729
7193
2927
9371

2729
7283
2837
9371

2729
7481
2837
9173

2729
7643
2477
9371

2729
7823
2297
9371

2729
7841
2477
9173

2729
9461
857
9173

2819
8291
1973
9137

2819
8363
1667
9371

2819
8543
1487
9371

2819
8741
1487
9173

2819
9281
947
9173

2837
8741
3449
7193

2837
8831
3359
7193

2909
5591
4547
9173

2909
5591
4583
9137

2909
7481
2657
9173

2909
8291
1847
9173

2909
9281
857
9173

2909
9281
2837
7193

2909
9461
677
9173

2909
9461
2657
7193

2909
9551
587
9173

2927
6581
5519
7193

2927
9281
839
9173

2927
9281
2819
7193

2927
9371
2729
7193

2927
9461
659
9173

2927
9551
2549
7193

2963
569
9551
9137

2963
4259
5861
9137

2963
6257
9281
3719

3359
3881
5807
9173

3359
3881
5843
9137

3359
4871
4817
9173

3359
5573
3917
9371

3449
3881
5717
9173

3449
4583
4817
9371

3449
4691
4943
9137

3449
4943
4457
9371

3449
5483
3917
9371

3539
3593
5717
9371

3539
4493
4817
9371

3539
5393
3917
9371

3539
5591
3917
9173

3539
5843
3467
9371

3539
7841
1667
9173

3719
5861
3467
9173

3719
7283
1847
9371

3719
7481
1847
9173

3719
7643
1487
9371

3719
7841
1487
9173

3863
8147
6491
3719

3881
8219
8147
1973

3917
9551
1559
7193

4079
2963
5807
9371

4079
6581
7643
3917

4259
983
7607
9371

4259
9551
4493
3917

4349
3863
4637
9371

4349
3881
4817
9173

4349
6761
7193
3917

4349
6761
9137
1973

4349
8831
1847
7193

4349
9461
4493
3917

4493
4259
9551
3917

4493
4349
9461
3917

4493
4457
9551
3719

4493
4547
9461
3719

4493
4637
9371
3719

4493
6329
7481
3917

4583
5087
8831
3719

4673
569
7841
9137

4673
3719
4691
9137

4673
4349
9281
3917

4691
3719
4637
9173

4691
6329
9227
1973

4817
3881
4349
9173

4943
2549
5591
9137

4943
3449
4691
9137

5393
3359
9551
3917

5393
3449
9461
3917

5393
3539
9371
3917

5393
3557
9551
3719

5393
8039
4871
3917

5483
4079
8741
3917

5519
5483
1847
9371

5519
5591
1973
9137

5519
5843
1487
9371

5519
5861
1667
9173

5573
5087
7841
3719

5591
5519
9137
1973

5807
8291
929
7193

5807
8741
479
7193

5807
8831
389
7193

5843
3089
9371
3917

6329
3593
2927
9371

6329
3863
2657
9371

6329
3881
2837
9173

6473
4349
7481
3917

6473
4547
7481
3719

6581
5519
8147
1973

6653
6257
5591
3719

6761
7229
6257
1973

7193
1559
9551
3917

7193
1847
9461
3719

7229
2693
2927
9371

7229
2963
2657
9371

7247
8741
4259
1973

7283
2477
8741
3719

7283
2729
8291
3917

7283
2927
8291
3719

7481
8219
4547
1973

7607
6491
929
7193

7607
6581
839
7193

7607
6761
659
7193

7841
2729
4457
7193

7841
4259
8147
1973

8093
659
9551
3917

8093
839
9371
3917

8093
857
9551
3719

8093
929
9281
3917

8093
947
9461
3719

8093
2927
7481
3719

8093
3449
6761
3917

8219
2963
1667
9371

8219
7481
4547
1973

8273
947
9281
3719

8273
2549
7481
3917

8273
3449
6581
3917

8291
2729
9227
1973

8291
2819
9137
1973

8363
479
9461
3917

8363
2459
7481
3917

8363
3359
6581
3917

8363
3449
6491
3917

8363
3557
6581
3719

8543
5087
4871
3719

8741
2459
1847
9173

9029
983
2837
9371

9029
2963
857
9371

9137
5591
5519
1973

9173
1289
7841
3917

9173
1487
7841
3719

9173
1847
7481
3719

9209
983
2657
9371

9209
2693
947
9371

9209
2963
677
9371

9281
2729
8237
1973

9281
2819
8147
1973

9281
3719
7247
1973

9371
2729
8147
1973

9371
3359
7517
1973

9533
5087
3881
3719

9551
1559
3917
7193

aaa20

aaa21

499
4549
9463
9931

499
4567
9643
9733

499
4729
9283
9931

499
8293
7933
7717

499
8527
5683
9733

499
8563
5449
9931

769
7069
6673
9931

769
7177
6763
9733

769
7177
8563
7933

769
7393
6961
9319

769
7573
6709
9391

769
7573
6763
9337

769
7573
6781
9319

769
7753
6529
9391

769
7933
8563
7177

769
8167
7573
7933

769
8563
5791
9319

769
8563
7393
7717

769
8563
7933
7177

769
8707
7573
7393

769
8923
7573
7177

769
9067
6673
7933

787
7159
6763
9733

787
7159
8563
7933

787
7177
8761
7717

787
7933
8329
7393

787
7951
6367
9337

787
7951
8527
7177

787
8527
5791
9337

787
9157
6781
7717

787
9733
6529
7393

859
4549
9643
9391

859
4567
9283
9733

859
7573
6691
9319

859
7573
8293
7717

859
8167
5683
9733

859
8293
5953
9337

859
8563
5683
9337

877
4297
9931
9337

877
7159
6673
9733

877
7537
6691
9337

877
7591
6637
9337

877
7753
6079
9733

877
7951
6277
9337

877
8059
7573
7933

877
8167
7681
7717

877
9157
6691
7717

967
7069
6673
9733

967
7177
8581
7717

967
7753
8329
7393

967
8167
7591
7717

967
9067
6691
7717

967
9337
6961
7177

967
9391
6367
7717

967
9391
6907
7177

967
9463
6619
7393

967
9661
6637
7177

967
9931
6367
7177

1399
3469
9643
9931

1399
3793
9931
9319

1399
3847
9463
9733

1399
4549
8563
9931

1399
6763
6961
9319

1399
9463
9661
3919

1399
9733
9391
3919

1489
3559
9463
9931

1489
4099
8923
9931

1489
4297
8923
9733

1489
4657
8563
9733

1489
4729
8293
9931

1489
5557
9463
7933

1489
5953
7069
9931

1489
7753
5881
9319

1579
4909
8563
9391

1579
5179
7753
9931

1579
5197
7933
9733

1579
5197
9733
7933

1579
5557
7573
9733

1579
5737
7393
9733

1579
5953
7573
9337

1579
5953
7591
9319

1579
7177
5953
9733

1579
7177
7753
7933

1579
7753
7393
7717

1579
7753
7933
7177

1579
9733
9391
3739

1597
4549
8563
9733

1597
5179
7933
9733

1597
5179
9733
7933

1597
5197
9931
7717

1597
5449
9463
7933

1597
5737
9391
7717

1597
5737
9931
7177

1597
5791
9337
7717

1597
6961
6547
9337

1597
7537
7591
7717

1597
7591
7537
7717

1597
7717
7951
7177

1597
8167
6961
7717

1597
8707
6961
7177

1597
8761
6367
7717

1597
9733
9319
3793

1669
3793
9661
9319

1669
5953
9643
7177

1669
6079
6763
9931

1669
6277
6763
9733

1669
6367
6673
9733

1669
6673
6709
9391

1669
6673
6763
9337

1669
6673
6781
9319

1669
6709
6673
9391

1669
6763
6079
9931

1669
6763
6619
9391

1669
6763
6673
9337

1669
6763
6691
9319

1669
8293
6763
7717

1669
8707
6673
7393

1669
8923
6673
7177

1759
4783
8581
9319

1759
5197
7753
9733

1759
7069
5683
9931

1759
7393
5953
9337

1759
7573
5791
9319

1759
7573
7393
7717

1759
7573
7933
7177

1759
7717
7573
7393

1777
5179
7753
9733

1777
5557
9391
7717

1777
5557
9931
7177

1777
5737
7591
9337

1777
5791
7537
9337

1777
5791
9157
7717

1777
7159
7573
7933

1777
7537
5791
9337

1777
7591
5737
9337

1777
7753
5179
9733

1777
7951
7537
7177

1777
8059
6673
7933

1777
8167
6781
7717

1867
5197
9661
7717

1867
5737
9661
7177

1867
5791
9067
7717

1867
6277
6961
9337

1867
6763
6079
9733

1867
6961
6277
9337

1867
7069
7573
7933

1867
7177
7681
7717

1867
8167
6691
7717

1867
8527
6871
7177

1867
8563
6619
7393

1867
8581
6277
7717

1867
8761
6637
7177

1993
3469
9661
9319

1993
3739
9391
9319

1993
5737
7393
9319

1993
5737
9319
7393

1993
9049
9661
3739

1993
9067
9463
3919

1993
9067
9643
3739

1993
9337
9319
3793

2389
3559
8563
9931

2389
3739
8923
9391

2389
3793
8329
9931

2389
3793
8923
9337

2389
3793
8941
9319

2389
6709
5953
9391

2389
8707
5953
7393

2659
3793
8059
9931

2659
6367
5683
9733

2659
6673
5791
9319

2659
6673
7393
7717

2659
6673
7933
7177

2659
6763
5683
9337

2659
7069
4783
9931

2659
7717
6673
7393

2677
6079
7753
7933

2677
6367
7681
7717

2677
6619
7753
7393

2677
6637
5791
9337

2677
6673
7159
7933

2677
6691
5737
9337

2677
6871
7717
7177

2677
7393
4639
9733

2677
7717
6871
7177

2677
7753
6079
7933

2677
7933
4099
9733

2677
7951
6637
7177

2749
6079
5683
9931

2749
6367
7933
7393

2749
6907
7393
7393

2749
7177
4783
9733

2749
7393
4909
9391

2749
7573
4729
9391

2749
7573
4783
9337

2749
7753
4549
9391

2749
8563
5953
7177

2767
6709
7573
7393

2767
6763
5179
9733

2767
6781
7177
7717

2767
6961
7537
7177

2767
7069
6673
7933

2767
7177
6781
7717

2767
7537
6961
7177

2767
7573
6709
7393

2767
7591
6367
7717

2767
7591
6907
7177

2767
7753
6529
7393

2767
7951
6547
7177

2767
8167
5791
7717

2767
8761
5197
7717

2857
3793
8059
9733

2857
7177
6691
7717

2857
7591
4657
9337

2857
7717
6691
7177

2857
8581
5827
7177

2857
8761
5647
7177

3469
4567
6673
9733

3469
4783
6871
9319

3469
7573
3469
9931

3469
7573
9661
3739

3559
5197
5953
9733

3559
5683
5881
9319

3559
8167
4783
7933

3559
9463
1489
9931

3739
4549
6763
9391

3739
7177
3793
9733

3739
7177
9733
3793

3739
7393
3919
9391

3739
7573
3739
9391

3739
7573
3793
9337

3739
7573
9391
3739

3739
7753
3559
9391

3793
4567
6763
9319

3793
7069
9661
3919

3793
7177
3739
9733

3793
7177
9733
3739

3793
7537
3793
9319

3793
7537
9319
3793

3793
8167
4549
7933

3793
8707
4549
7393

3793
9337
1993
9319

3847
5179
5683
9733

3847
7159
9643
3793

3847
7753
9049
3793

3847
8293
4909
7393

3847
8563
4639
7393

3847
8761
4657
7177

3919
5449
5683
9391

3919
7393
9391
3739

3919
9463
1669
9391

3919
9643
1489
9391

3919
9733
1399
9391

4099
769
9643
9931

4099
877
9733
9733

4099
967
9643
9733

4099
2767
9643
7933

4099
5827
4783
9733

4297
769
9643
9733

4297
2749
9463
7933

4297
2767
9661
7717

4297
5737
6691
7717

4297
5791
6637
7717

4297
6637
5791
7717

4297
6673
3739
9733

4297
6691
5737
7717

4297
6763
5449
7933

4297
9643
769
9733

4549
877
9283
9733

4549
5179
4783
9931

4549
5953
4549
9391

4549
6763
5953
7177

4549
7177
8923
3793

4549
7573
8581
3739

4567
2767
9391
7717

4567
2767
9931
7177

4567
5179
6763
7933

4567
5197
6961
7717

4567
5737
6961
7177

4567
5791
6367
7717

4567
5791
6907
7177

4567
5827
6871
7177

4567
5881
6277
7717

4567
5953
6529
7393

4567
6673
3469
9733

4567
7159
8923
3793

4567
7753
8329
3793

4567
9661
877
9337

4639
2677
9733
7393

4639
5647
6763
7393

4639
6079
3793
9931

4639
6277
3793
9733

4639
6673
3739
9391

4639
6673
3793
9337

4639
7753
2659
9391

4639
9643
769
9391

4657
2677
9391
7717

4657
2677
9931
7177

4657
2749
9643
7393

4657
5791
4657
9337

4657
6277
5791
7717

4657
6781
5827
7177

4657
6871
5737
7177

4657
6961
5647
7177

4657
7393
2659
9733

4657
9661
787
9337

4729
6367
5953
7393

4729
6763
3559
9391

4729
7573
2749
9391

4729
7933
2389
9391

4783
5197
4729
9733

4783
5197
6529
7933

4783
5557
4783
9319

4783
5737
6529
7393

4783
7159
8581
3919

4783
7159
8761
3739

4783
7177
8563
3919

4783
7537
8329
3793

4783
9157
769
9733

4909
2677
9463
7393

4909
5683
6673
7177

4909
6673
3469
9391

4909
6673
5683
7177

4909
7177
8563
3793

4909
9283
859
9391

4909
9643
499
9391

5179
1399
7933
9931

5179
1579
7753
9931

5179
1597
7933
9733

5179
1597
9733
7933

5179
1759
7573
9931

5179
1777
7753
9733

5179
1993
7933
9337

5179
1993
7951
9319

5179
6763
4783
7717

5179
6763
8581
3919

5179
7537
3793
7933

5179
7753
3793
7717

5179
7753
9733
1777

5179
8707
8563
1993

5179
9463
5881
3919

5179
9733
5791
3739

5197
1579
7933
9733

5197
1579
9733
7933

5197
1597
9931
7717

5197
1669
9643
7933

5197
1867
9661
7717

5197
4729
4783
9733

5197
5737
5791
7717

5197
5791
5737
7717

5197
6529
4783
7933

5197
6673
4639
7933

5197
6763
4549
7933

5197
7537
9931
1777

5197
7573
3739
7933

5197
7933
3919
7393

5197
8563
2749
7933

5197
8707
8761
1777

5197
8761
2767
7717

5449
1777
9283
7933

5449
6277
8923
3793

5449
6673
8581
3739

5449
8707
8293
1993

5557
1777
9391
7717

5557
1777
9931
7177

5557
5881
5827
7177

5557
6871
4297
7717

5557
7177
9931
1777

5557
7717
9391
1777

5557
8167
8941
1777

5557
8581
8527
1777

5557
9643
5449
3793

5647
1579
9283
7933

5647
1669
9733
7393

5647
1759
9643
7393

5647
1777
7681
9337

5647
5827
5791
7177

5647
6079
4783
7933

5647
6673
4729
7393

5647
6673
8329
3793

5647
6763
4639
7393

5647
6961
4657
7177

5647
7069
9733
1993

5647
7753
9049
1993

5647
7951
9067
1777

5647
8761
2857
7177

5683
1759
7681
9319

5683
4297
4729
9733

5683
4657
4783
9319

5683
6079
8761
3919

5683
6547
8419
3793

5683
6637
4729
7393

5683
6637
8329
3793

5683
6907
8059
3793

5683
8707
2659
7393

5683
8707
8059
1993

5737
1579
7393
9733

5737
1579
9733
7393

5737
1777
7591
9337

5737
1993
9319
7393

5737
7393
3919
7393

5737
7573
3739
7393

5737
7681
3847
7177

5737
7753
3559
7393

5791
1597
9337
7717

5791
1777
7537
9337

5791
5197
5737
7717

5791
5737
5197
7717

5791
6079
4639
7933

5791
6709
4549
7393

5791
6907
4567
7177

5791
7537
9337
1777

5791
7717
9157
1777

5791
7933
9319
1399

5791
8167
2767
7717

5791
8707
8167
1777

5827
1579
9643
7393

5827
1777
9661
7177

5827
6763
8059
3793

5827
6781
4657
7177

5827
7177
9661
1777

5827
8563
2659
7393

5827
8581
2857
7177

5827
8761
2677
7177

5881
1759
7069
9733

5881
1777
9067
7717

5881
4729
4099
9733

5881
5197
5647
7717

5881
5557
5827
7177

5881
6709
8059
3793

5881
7717
9067
1777

5953
1489
7681
9319

5953
1777
7393
9319

5953
5647
5449
7393

5953
9067
5683
3739

6079
499
7933
9931

6079
859
7573
9931

6079
877
7753
9733

6079
2857
7573
7933

6079
6763
7681
3919

6079
7753
6691
3919

6079
7753
6871
3739

6079
7933
6691
3739

6277
859
7573
9733

6277
2659
7573
7933

6277
2767
7681
7717

6277
2857
7591
7717

6277
5791
4657
7717

6277
6619
7753
3793

6277
6673
1759
9733

6277
6673
3559
7933

6277
6709
9463
1993

6277
9661
787
7717

6277
9733
499
7933

6367
3469
6673
7933

6367
6763
3919
7393

6367
6763
9319
1993

6367
7753
8329
1993

6367
9463
6619
1993

6529
6673
9463
1777

6529
7573
8563
1777

6529
7933
8581
1399

6529
8167
7753
1993

6529
8563
7573
1777

6547
2767
7951
7177

6547
5179
4783
7933

6547
5953
4549
7393

6547
6673
1489
9733

6547
6709
7393
3793

6547
7573
6529
3793

6547
8167
7951
1777

6547
8527
7591
1777

6547
9157
6961
1777

6619
2677
7753
7393

6619
5647
4783
7393

6619
6277
7753
3793

6619
6547
9283
1993

6619
6637
3793
7393

6619
6637
7393
3793

6619
6673
1759
9391

6619
6763
1669
9391

6619
6763
9661
1399

6619
7393
6691
3739

6619
7537
8293
1993

6619
9067
6763
1993

6619
9283
6763
1777

6619
9643
6781
1399

6619
9733
6691
1399

6637
2659
7753
7393

6637
3793
6619
7393

6637
6079
3793
7933

6637
6079
9733
1993

6637
6673
1399
9733

6637
6673
3739
7393

6637
6781
3847
7177

6637
7393
6619
3793

6637
7573
499
9733

6637
7753
8059
1993

6637
8059
7753
1993

6637
9049
6763
1993

6637
9643
769
7393

6673
769
7681
9319

6673
2677
7159
7933

6673
5737
4099
7933

6673
6277
1759
9733

6673
6277
7753
3739

6673
6637
1399
9733

6673
6637
7393
3739

6673
6709
9661
1399

6673
6907
7069
3793

6673
7069
6781
3919

6673
7537
499
9733

6673
7717
8059
1993

6673
8707
7069
1993

6691
2749
7069
7933

6691
3739
6619
7393

6691
5647
2767
9337

6691
6079
3739
7933

6691
6529
1489
9733

6691
6637
9337
1777

6691
6709
9049
1993

6691
6763
1669
9319

6691
6763
7069
3919

6691
6907
9067
1777

6691
9049
769
7933

6691
9337
6637
1777

6691
9733
6619
1399

6709
6547
3793
7393

6709
6547
7393
3793

6709
7177
6763
3793

6709
7177
8563
1993

6709
7573
769
9391

6709
7573
8761
1399

6763
769
7591
9319

6763
787
7573
9319

6763
967
7393
9319

6763
5557
4729
7393

6763
6079
7681
3919

6763
6367
1993
9319

6763
6367
3919
7393

6763
7069
6691
3919

6763
7177
769
9733

6763
7177
6709
3793

6763
7177
6763
3739

6763
8707
7573
1399

6763
9067
6619
1993

6763
9157
6529
1993

6781
3739
6529
7393

6781
5557
2767
9337

6781
5953
2389
9319

6781
6529
1399
9733

6781
6709
3559
7393

6781
6709
7159
3793

6781
7159
769
9733

6781
7177
8707
1777

6781
7573
769
9319

6781
7717
8167
1777

6781
7933
8329
1399

6781
9049
6619
1993

6781
9157
787
7717

6781
9733
6529
1399

6871
5179
2659
9733

6871
5197
4657
7717

6871
5557
2677
9337

6871
5557
4297
7717

6871
6079
3559
7933

6871
6709
7069
3793

6871
7753
6079
3739

6871
8419
7159
1993

6871
9157
6637
1777

6907
2677
7681
7177

6907
2749
7393
7393

6907
6079
9463
1993

6907
6673
3469
7393

6907
7177
8581
1777

6907
9283
859
7393

6907
9391
967
7177

6907
9391
6367
1777

6907
9643
499
7393

6961
3469
6619
7393

6961
5197
4567
7717

6961
6079
1669
9733

6961
6079
3469
7933

6961
6277
1867
9337

6961
6367
9337
1777

6961
6673
1489
9319

6961
6763
1399
9319

6961
6763
9319
1399

6961
7069
6619
3793

6961
7069
8419
1993

6961
7159
6529
3793

6961
7753
8329
1399

6961
8167
7537
1777

6961
9067
6637
1777

6961
9157
6547
1777

6961
9337
967
7177

6961
9337
6367
1777

6961
9463
6619
1399

7069
769
6673
9931

7069
877
6763
9733

7069
967
6673
9733

7069
1867
7573
7933

7069
3793
9661
3919

7069
5953
9643
1777

7159
1399
5953
9931

7159
1597
5953
9733

7159
1597
7753
7933

7159
1669
5683
9931

7159
1867
5683
9733

7159
1993
5953
9337

7159
3847
9643
3793

7159
5647
9643
1993

7159
5683
7681
3919

7159
7573
1993
7717

7159
7573
5791
3919

7177
859
6673
9733

7177
1399
7933
7933

7177
1579
5953
9733

7177
1579
7753
7933

7177
1597
7951
7717

7177
1759
7573
7933

7177
1867
7681
7717

7177
5557
9931
1777

7177
6709
8563
1993

7177
7573
1759
7933

7177
7753
1579
7933

7177
9319
5953
1993

7393
769
6961
9319

7393
1867
5449
9733

7393
3469
9661
3919

7393
3739
9391
3919

7393
3847
9463
3739

7393
5737
3919
7393

7393
5737
7393
3919

7393
5737
9319
1993

7393
6709
8941
1399

7537
3793
9319
3793

7537
5179
3793
7933

7537
5179
7933
3793

7537
5179
9733
1993

7537
5449
9463
1993

7537
5881
3847
7177

7537
5953
3559
7393

7537
7159
5953
3793

7537
9643
3469
3793

7573
1669
5881
9319

7573
3739
9391
3739

7573
5179
7951
3739

7573
5197
3739
7933

7573
5197
7753
3919

7573
5197
7933
3739

7573
5557
7573
3739

7573
5737
7393
3739

7573
6907
8563
1399

7573
7159
5791
3919

7573
7177
1759
7933

7573
7177
5953
3739

7573
9157
3793
3919

7591
967
6547
9337

7591
1597
7537
7717

7591
1669
5449
9733

7591
3739
9319
3793

7591
5179
3739
7933

7591
5449
3469
7933

7591
5737
9337
1777

7591
7537
1597
7717

7591
9463
3469
3919

7591
9643
3469
3739

7681
1759
7069
7933

7681
3793
9049
3919

7681
5953
7069
3739

7681
6277
8707
1777

7681
6709
8059
1993

7681
7717
1867
7177

7717
1579
7753
7393

7717
1597
5791
9337

7717
1759
7573
7393

7717
5179
7753
3793

7717
5557
9391
1777

7717
6781
8167
1777

7717
7573
1759
7393

7717
7681
1867
7177

7717
7753
1579
7393

7717
7753
5179
3793

7717
7933
1399
7393

7717
7951
1597
7177

7717
9049
5683
1993

7717
9157
5791
1777

7753
1579
5791
9319

7753
5179
7591
3919

7753
5197
3559
7933

7753
5197
7753
3739

7753
7717
1579
7393

7753
7717
5179
3793

7933
5179
7591
3739

7933
5449
9661
1399

7933
5647
3469
7393

7933
5647
9463
1399

7933
9157
3559
3793

7951
1399
7159
7933

7951
7069
1489
7933

7951
7177
1597
7717

7951
9049
5449
1993

7951
9067
5647
1777

7951
9157
5557
1777

7951
9319
5179
1993

7951
9643
5449
1399

8059
499
5953
9931

8059
769
5683
9931

8059
967
5683
9733

8059
3793
2659
9931

8059
7717
6673
1993

8167
1579
6763
7933

8167
1597
6961
7717

8167
1669
6673
7933

8167
1777
6781
7717

8167
1867
6691
7717

8167
5557
8941
1777

8167
5737
8761
1777

8167
5791
2767
7717

8167
5791
8707
1777

8167
5881
2677
7717

8167
7537
6961
1777

8167
7573
769
7933

8167
7573
6709
1993

8167
7591
967
7717

8167
7591
6907
1777

8167
7753
6529
1993

8293
2677
9733
3739

8293
2749
9661
3739

8293
2767
9463
3919

8293
2767
9643
3739

8293
5647
6763
3739

8293
5737
6619
3793

8293
5737
8419
1993

8329
769
5953
9391

8419
4099
1993
9931

8419
4297
1993
9733

8419
5557
6673
3793

8419
5683
8563
1777

8419
5737
8293
1993

8419
7573
6673
1777

8419
7753
6871
1399

8527
1777
6961
7177

8527
1867
6871
7177

8527
5881
2857
7177

8527
7177
6961
1777

8527
9733
2389
3793

8563
2677
9463
3739

8563
2767
9319
3793

8563
4567
1579
9733

8563
5179
6781
3919

8563
5179
6961
3739

8563
5197
6763
3919

8563
5557
6529
3793

8563
7177
769
7933

8563
7177
6709
1993

8563
9157
4729
1993

8581
1597
6547
7717

8581
1777
6367
7717

8581
1777
6907
7177

8581
2749
9319
3793

8581
4657
1867
9337

8581
4729
1399
9733

8581
5449
8419
1993

8581
5557
8527
1777

8581
7159
769
7933

8581
7177
967
7717

8581
7177
6907
1777

8581
7717
967
7177

8581
7717
6367
1777

8581
7933
6529
1399

8707
1579
6763
7393

8707
1597
6961
7177

8707
5179
6763
3793

8707
5179
8563
1993

8707
5197
8761
1777

8707
5791
8167
1777

8707
7177
6781
1777

8707
7573
769
7393

8707
7591
967
7177

8707
7591
6367
1777

8707
7681
877
7177

8761
769
5179
9733

8761
1579
6709
7393

8761
1597
6367
7717

8761
1597
6907
7177

8761
1759
6529
7393

8761
4567
1777
9337

8761
4783
1579
9319

8761
5179
6709
3793

8761
5197
2767
7717

8761
5197
8707
1777

8761
5737
8167
1777

8761
5953
8329
1399

8761
7069
6619
1993

8761
7159
6529
1993

8761
7177
787
7717

8761
7537
967
7177

8761
7537
6367
1777

8761
7573
6709
1399

8761
7753
6529
1399

8923
5737
2389
7393

8923
9067
2659
3793

8923
9337
2389
3793

8941
5179
6529
3793

8941
9067
4657
1777

8941
9157
4567
1777

8941
9463
4639
1399

9049
877
4783
9733

9049
1777
5683
7933

9067
769
6673
7933

9067
787
6871
7717

9067
877
6781
7717

9067
967
6691
7717

9067
1777
5881
7717

9067
1867
5791
7717

9067
4909
6673
3793

9067
6709
6673
1993

9067
6763
6619
1993

9067
6961
6637
1777

9067
9463
3919
1993

9157
769
4783
9733

9157
787
6781
7717

9157
877
6691
7717

9157
1399
5953
7933

9157
1669
5683
7933

9157
1777
5791
7717

9157
3793
1759
9733

9157
3793
3559
7933

9157
6619
6673
1993

9157
6871
6637
1777

9283
2659
8581
3919

9283
2659
8761
3739

9283
2677
8563
3919

9283
2857
8563
3739

9283
4657
6763
3739

9283
4729
6691
3739

9283
6637
4729
3793

9283
6637
6529
1993

9319
1777
5953
7393

9319
3739
1993
9391

9319
3793
1399
9931

9319
3793
1993
9337

9319
6763
6961
1399

9337
1759
5953
7393

9337
3793
3919
7393

9337
3793
9319
1993

9391
3739
3919
7393

9391
3739
9319
1993

9391
9733
3919
1399

9463
967
6079
7933

9463
2677
8563
3739

9463
2767
8293
3919

9463
4099
6961
3919

9463
4567
6619
3793

9463
4567
6673
3739

9463
4657
6529
3793

9463
6277
4909
3793

9463
6709
6871
1399

9463
6907
6079
1993

9463
9067
3919
1993

9643
2677
8329
3793

9643
4297
6709
3793

9643
6277
4729
3793

9643
6277
4783
3739

9643
6367
4639
3793

9643
6709
6691
1399

9643
6907
4099
3793

9643
9067
3739
1993

9661
769
6079
7933

9661
769
6619
7393

9661
967
6637
7177

9661
1669
5179
7933

9661
1867
5737
7177

9661
2659
8329
3793

9661
3793
1669
9319

9661
4783
6079
3919

9661
4909
6079
3793

9661
6079
6709
1993

9661
6367
6637
1777

9661
6637
6367
1777

9661
6673
6709
1399

9661
6709
6079
1993

9661
6763
4099
3919

9661
6763
6619
1399

9661
7573
3469
3739

9733
6547
6763
1399

9733
7177
3739
3793

9733
7177
3793
3739

9733
9157
3559
1993

9931
499
6619
7393

9931
3793
9319
1399

9931
4099
6619
3793

9931
6079
4639
3793

9931
7159
3559
3793

9931
9049
3469
1993

9931
9643
3469
1399

aaa22

aaa23

aaa24

aaa25

1889
8387
8819
9791

1889
8783
8837
9377

1889
8837
8369
9791

1979
9467
7649
9791

1997
9377
9719
7793

1997
9467
9629
7793

2699
6857
9539
9791

2789
7487
8819
9791

2789
7883
8837
9377

2789
7937
8369
9791

2789
8693
9467
7937

2789
8783
7937
9377

2879
7793
8837
9377

2879
8297
7919
9791

2879
8387
7829
9791

2879
8693
7937
9377

2897
7649
8963
9377

2969
9467
6659
9791

3779
7487
7829
9791

3779
7757
7559
9791

3779
7793
7937
9377

3797
7577
9719
7793

3797
7757
9539
7793

4679
6857
7559
9791

4787
7487
8819
7793

4787
7937
8369
7793

4877
8297
7919
7793

4877
8387
7829
7793

4967
9467
6659
7793

5669
6857
6569
9791

5669
6983
6857
9377

5849
8693
4967
9377

5849
8783
4877
9377

5867
8837
6389
7793

5939
9377
3779
9791

6299
6857
5939
9791

6569
5867
6659
9791

6569
6857
5669
9791

6659
2897
9539
9791

6659
5867
6569
9791

6659
6983
5867
9377

6857
8297
5939
7793

6857
8387
5849
7793

6857
8837
5399
7793

6947
9467
4679
7793

6983
9377
8747
3779

7487
4679
8783
7937

7487
4787
8819
7793

7487
5669
7793
7937

7487
7829
9791
3779

7487
7937
5669
7793

7559
5867
5669
9791

7559
8837
2699
9791

7577
4679
8693
7937

7577
5867
7649
7793

7649
6983
4877
9377

7757
4967
8369
7793

7757
7487
5849
7793

7757
7937
5399
7793

7793
4877
8297
7919

7793
7577
9719
3797

7793
7757
9539
3797

7793
7937
9377
3779

7793
8747
2969
9377

7793
8837
2879
9377

7829
5867
5399
9791

7829
7793
9467
3797

7829
7883
9377
3797

7829
8297
2969
9791

7829
8387
2879
9791

7829
8783
2897
9377

7829
9377
1889
9791

7883
8387
8819
3797

7883
8387
8837
3779

7883
8837
8369
3797

7883
8837
8387
3779

7919
8387
2789
9791

7937
9377
3779
7793

8297
2879
9791
7919

8369
7793
4787
7937

8387
3779
8783
7937

8693
6857
9539
3797

8693
6947
9467
3779

8747
3779
6983
9377

8783
7487
8819
3797

8783
7487
8837
3779

8783
7577
8747
3779

8783
7937
8369
3797

8783
7937
8387
3779

8783
8837
1889
9377

8819
7883
8387
3797

8819
8297
1979
9791

8819
8387
1889
9791

8819
8693
1997
9377

8963
9467
6659
3797

9377
3779
7793
7937

9377
3797
7919
7793

9467
4967
6659
7793

9629
6983
2897
9377

9719
7487
1889
9791

9719
7793
1997
9377

9791
7559
9539
1997

9791
7649
9467
1979

aaa26

aaa27

1999
9397
9973
9739

1999
9739
9397
9973

1999
9883
9829
9397

1999
9973
9739
9397

3889
8893
8929
9397

4789
7669
8677
9973

4789
7687
8893
9739

4789
7993
8929
9397

4969
9199
6967
9973

4987
9199
8929
7993

4987
9739
8389
7993

5779
7489
7867
9973

5779
7669
7687
9973

5869
8893
6949
9397

6949
9199
4987
9973

6949
9199
6967
7993

6949
9973
4789
9397

6967
9199
4969
9973

6967
9199
6949
7993

7489
4969
8677
9973

7489
4987
8893
9739

7687
7669
5779
9973

7759
6679
8677
7993

8677
6679
7759
7993

8677
6949
7489
7993

9397
3889
9829
7993

aaa28

aaa29

aaa30

aaa31

aaa32

aaa33

aaa34

aaa35

aaa36


